  -34.9584712924455     
  -50.3539175300070     
   29.6723330506699     
   387.686801735571     
  -192.086561124924     
   109.162240282173     
  -222.933543644915     
   110.397773671429     
   165.245932051164     
   27.0332589091523     
  -2378.13857612316     
   1100.09488416864     
  -497.430897866001     
   1115.23464652638     
  -566.534232886951     
   1162.64471550121     
  -601.012107123752     
   280.160872582676     
  -490.711181988455     
   233.279462023369     
   366.643382858853     
  -487.036677638880     
   306.576936453769     
  -952.918775810825     
   480.657139502769     
   452.203755816331     
  -154.628314870841     
   97.2390802894191     
  -91.3150990107336     
   41.0019868644360     
  -316.558622201257     
  -35.1031092456729     
   11579.5458418839     
  -5391.81725843446     
  -5160.78210710621     
   2557.52378581593     
   2498.29485956871     
  -5182.18462709083     
   2817.34659973624     
   2868.53869657508     
  -1357.15364849760     
   2674.52070881426     
  -1091.81415914241     
   1876.69363972715     
  -1184.99006675051     
  -1384.88980121947     
   616.918568578550     
   854.682707509439     
  -1692.89062045901     
   423.139928414572     
   2388.69746527333     
  -1421.03450463945     
   2417.32701220899     
  -1125.64148750951     
  -1197.86781926007     
  -1884.19639083668     
  -1587.05495479612     
   764.528077390099     
   926.893886183534     
  -1179.01772387855     
   1182.74469959775     
   4699.17509292495     
  -2490.40263002065     
   940.021313504302     
  -2187.28159520274     
  -2092.86377948041     
   1240.41261857225     
  -2241.99100232579     
   1467.24727940078     
   1026.64912981107     
   946.291736551072     
   1012.60677280502     
  -759.257923036798     
  -615.352682059569     
   403.559985473402     
   859.309801884538     
  -604.060867413751     
   893.040006569405     
  -507.088233436394     
   243.807211106289     
  -394.598147011654     
   233.225265670802     
  -531.445401749789     
   254.749695039094     
   132.510733217625     
  -539.241620930668     
   388.715005055392     
   1870.73567736328     
   1357.30251567889     
  -848.413087416763     
  -667.959229354659     
   475.612825466923     
   356.362329799017     
   390.042127839844     
   371.699477421968     
  -55.8390206376528     
   155.327309566914     
  -143.806975385953     
   106.472516798721     
   641.333175878884     
   33.7333125873481     
  -37845.4705459301     
   16299.7676202062     
  -7746.88881134543     
   14607.9409546236     
  -7432.36920860938     
  -6844.43219805601     
   2913.48791113368     
  -8522.32913429018     
   3403.70778037604     
  -5973.10568510863     
   1810.80063942132     
   3601.16026783765     
   3565.38272874246     
  -355.946257071011     
  -1747.60379209240     
  -1935.54742375169     
   4692.52724802874     
  -1635.35337003852     
  -7468.94494194983     
   3763.57488111872     
  -6870.00921613202     
   4068.23911912610     
  -5946.92452990859     
   3099.73169937086     
   1996.38612101254     
  -1606.60771088011     
   2998.69086293816     
  -981.191028878217     
  -626.227920262762     
   2997.64185448220     
   2633.90129176411     
  -446.890838691220     
   1769.87925537305     
   4794.76895171787     
   2832.93881223648     
  -1766.39816167033     
  -1262.65733722420     
   62.2500714473143     
  -825.873154441218     
  -1818.83539913776     
  -1867.82120343089     
   20.9151053600787     
  -963.260977453314     
   636.901889788977     
   1179.93378844220     
   4500.60544993730     
   3279.14936830991     
  -1354.37245628863     
  -652.781151403169     
  -3550.50446873669     
   1140.88152032122     
  -4281.28563564841     
  -15104.1721245922     
   8057.84516635373     
   7193.80308832458     
  -3512.95274593179     
   7340.76493361347     
   6828.61298744225     
  -4169.84968262480     
  -3394.70971315906     
   6595.18929838731     
  -3741.57323248616     
  -4318.03549460072     
   2017.19603027074     
  -4165.96144055888     
  -3167.02860367542     
   1498.04472109050     
  -1883.62869278751     
   1308.38892900001     
   1582.41156562026     
   2882.09563048095     
  -3162.18660436148     
  -3237.38573113118     
  -3118.80550822178     
   1888.04236647871     
  -2875.18199965127     
   1093.26914514713     
   571.828425405051     
   3097.54585207839     
   1368.95610210083     
   1621.48234957086     
  -3664.57508176018     
   2870.47761742934     
   1664.80060619917     
  -2153.97773026822     
   1855.90286102766     
  -1313.00317111783     
  -3363.87439567704     
   2604.83609324568     
   2075.60075731814     
  -1430.55404866760     
  -3247.07065911766     
   1876.37626556213     
   2252.38019198146     
  -1108.00814304920     
   1473.81229335877     
  -1280.86071073795     
  -977.346281951326     
  -647.863206752346     
   556.045292678361     
  -671.130202317991     
   225.482781052209     
   1832.85414070083     
  -1048.56715839284     
   1286.06599341299     
  -779.213522319138     
  -886.615475609674     
  -289.368771639453     
   224.187343549815     
  -553.552821363156     
  -339.789350789450     
  -142.223361932537     
   241.644202641621     
  -404.091576701126     
   1834.67070529043     
  -1321.37890477474     
   1163.67306790126     
  -558.972924718356     
   1689.99945319352     
  -664.545987831786     
  -101.786527248939     
  -1467.36002263627     
  -191.290680035924     
   57.0007260464656     
  -391.266565155548     
  -772.394541273518     
  -8.16951265009598     
  -2.66454853634735     
  -1073.62184303111     
   1616.86431640759     
  -6902.27777343246     
  -4145.10192262396     
   4028.11314130829     
   2620.16918301944     
  -1211.10264329276     
   2141.53119709390     
   2771.48301993765     
   3183.30333143741     
   1939.05810221973     
  -1191.72634155156     
   1951.96090173897     
  -1534.23628732123     
  -765.834730517550     
  -863.241845133770     
  -1943.53773025478     
   1931.61037259449     
   1268.07777960755     
  -1795.80506414720     
  -1812.26762739251     
  -1233.00510834308     
  -1415.56136307658     
   1041.68686504858     
  -1349.26904210290     
   1027.80932180175     
   997.452306934512     
   524.689915163729     
   688.425507490611     
   550.789057040733     
   874.468408446605     
  -1244.24507672067     
   947.629069879785     
  -723.130053046696     
   504.184417259444     
   72.1517319105288     
  -362.771781601606     
  -20.6418945140871     
   355.507979260068     
  -660.680459682757     
  -496.957012011321     
   444.855227735909     
   549.287484586558     
  -450.154957773364     
   93.2192456097762     
  -405.455852358508     
   411.517697841716     
  -327.412222558084     
   290.340573962979     
  -28.9103616605332     
  -101.232876430451     
  -18.5360178902609     
  -520.040196760917     
   257.579967478199     
  -1644.93940151069     
  -1543.71359894970     
   988.029919137193     
   710.866096149410     
  -838.837594948626     
  -652.205921223046     
   485.139628788092     
   308.580198954124     
   477.307148751811     
   96.6483320588050     
  -39.3843154841436     
  -59.9626900563335     
  -29.3304814441195     
   38.7544451130571     
  -763.591233325868     
  -18.3352400789463     
  -24174.4008239082     
   10343.4127198154     
   7119.68614244878     
  -3016.93777676625     
   9777.49994683751     
  -2703.12665303903     
  -5000.89480636013     
  -1102.60583923126     
  -1179.20498098716     
  -3353.15202525601     
   8943.98141633970     
  -3680.18526425999     
   8062.86099144564     
  -982.672122375794     
  -2333.18443852772     
   1686.96247309390     
  -895.194013313971     
  -3193.23130543425     
  -1453.91266951303     
   33.9577495678332     
  -661.462513912705     
   4603.64295593301     
  -49.8403054015516     
  -4616.15831310855     
  -2717.39193962387     
  -1670.13036198522     
   437.011286538700     
  -2218.06536505890     
   1115.73526566929     
  -3278.96200688878     
   612.831603945867     
  -4405.95362206303     
   3958.49734107633     
  -1764.94340276623     
  -1822.90670310514     
   1008.72057104979     
  -1107.69574905773     
  -1104.24003286827     
  -2026.59512676179     
   7000.03508140862     
  -160.617097130078     
  -2606.49265670952     
   2276.55668844275     
  -42.7876935072682     
   3404.71680060505     
   198.519383052936     
  -2007.33490331331     
  -1181.43252649955     
   3712.43871888196     
  -2877.69917823838     
   2554.98885498676     
  -3242.72368937915     
   3595.51632150239     
   1030.99206199761     
   756.246252748448     
  -2943.80286409147     
   3356.35919528318     
  -5943.99022987506     
  -5235.37636154227     
   406.732612434862     
   2189.48624873733     
  -843.026557923976     
   801.231609061756     
  -43.5158405179559     
   523.462719360219     
   1650.45357660376     
  -1118.59886492877     
   3466.92652220241     
   2178.66320892293     
   6217.67565720859     
  -933.884398922452     
  -5082.01181471837     
  -489.606148361781     
  -663.121282767137     
   7928.62845359797     
  -2812.13678824490     
   25669.9491917955     
  -10836.9226534434     
   4504.33530576359     
  -9577.66850194318     
   3388.60387641275     
  -9591.17051156986     
   4446.29600027868     
   4390.87290241047     
  -8818.03369649244     
   3062.04547210377     
   3196.47246574077     
  -537.040605747354     
   5232.13715773765     
  -1905.78314887421     
   4030.15955467750     
   3617.68794330077     
  -710.759185612814     
   1650.93036288121     
   711.947889818906     
  -1426.77783222089     
  -844.083464828063     
  -1214.95063705324     
  -1542.05685251978     
   3311.15475021774     
  -1787.30175581236     
   927.793904746587     
   3932.05009139507     
  -1127.35153262560     
   3778.53652625705     
   3140.85861199609     
  -478.616341181867     
   1307.65522161487     
  -1130.34796520070     
   1381.74813199460     
  -361.495438164636     
  -562.252561100849     
   4004.29874582213     
  -1392.65928242900     
   4866.83564201352     
  -2837.20559236904     
   3715.18514708962     
  -1350.26170695404     
  -116.116927803517     
   412.086529586872     
  -950.890319358758     
  -799.052122072247     
  -1295.46511178753     
  -800.082986131714     
   383.327144407768     
  -1816.27249102020     
   686.990262091837     
  -3280.96080918506     
  -666.462674200453     
   647.837457304129     
   521.659360829896     
  -1401.68935001174     
  -1885.53540776081     
  -812.621905520992     
   858.187249214310     
  -2072.76628202262     
  -2555.60190633163     
  -1443.12705517704     
  -1538.68737493612     
  -4021.19486005036     
   974.523499650082     
   342.976514585150     
   2425.46113436994     
   672.598316908104     
  -1017.94818858236     
   556.701329655951     
   275.285655012486     
   2149.14742091581     
   5712.91110872971     
  -3674.20822739627     
  -2699.32797566721     
   2316.40375962642     
  -568.143986387695     
   2027.20916672229     
   5055.31351517779     
  -2364.75147445372     
  -2588.89272651427     
   873.408817887720     
   577.417073908627     
  -2590.86679812693     
   1455.53814478530     
   1273.42561656955     
  -762.637305643213     
  -617.860446389468     
   1384.04569170449     
   491.328680800926     
  -1305.77512091958     
   560.910260772593     
  -341.088522671608     
  -1032.27082496746     
  -3027.52780674549     
   1346.10340971224     
  -1836.67484036465     
   574.577485918687     
   1240.08165841101     
   558.516998474699     
  -345.972069651416     
   826.546831317312     
  -565.802885215731     
   1009.21002857896     
  -96.5872622806432     
  -820.448091261296     
  -261.234526356157     
  -1311.23792724865     
  -355.538414788184     
   641.682593828694     
   2353.80079892869     
  -359.718094459532     
  -2022.49437118179     
   2267.93996408456     
  -2212.11778769661     
   2883.13209998288     
   1743.42430873205     
   965.246437743661     
  -1036.19808728288     
  -262.755280786134     
  -298.960455615889     
  -2111.54975175193     
   1108.41188300363     
  -3045.88356127396     
   1749.95586671130     
   1645.47848204006     
   1237.77641865893     
  -1402.33997790903     
   609.611982251394     
   462.644259863346     
  -2395.40461385422     
   833.363387326866     
  -1655.83083443563     
   430.995366901295     
   694.189997770986     
  -498.425189116437     
  -1.23297087846549     
   375.811304874953     
  -5.64649848132490     
   1333.38390600777     
   1234.86867707384     
  -276.238483268826     
   1235.87108884683     
  -1821.01311440719     
   1105.33356159215     
   1255.26916261163     
   191.687815451161     
   286.005464220014     
  -195.580674309511     
   228.123248788065     
   1043.44005748862     
   888.092479232870     
   515.169839659263     
   1386.44929344727     
  -1765.61798800072     
   1434.69483285995     
   444.989022825615     
  -388.645428965638     
   593.841814072130     
   148.690972398718     
   554.275841478002     
   132.616166357875     
  -310.029277461062     
   115.458196772006     
   592.699893556643     
   195.098161772790     
  -672.690970814294     
   2027.41633032032     
  -1307.84732796836     
  -1846.88334124657     
  -72.2915119989561     
  -1761.56612954774     
   899.721050293975     
   1666.30203978682     
   3065.16569825658     
  -1527.52769770337     
  -891.542197801121     
   2119.95748943843     
  -389.956997169513     
  -145.963348025705     
  -3656.07659454770     
   1897.76553093085     
  -3485.28741985732     
   953.343624881114     
  -1794.61381206311     
   10615.1025765277     
   4735.30977267052     
  -5204.74685244371     
  -2295.78620128178     
  -4726.32906616774     
  -2358.43856168312     
   637.590366311230     
  -2997.73704749801     
  -4240.44515472047     
   2178.17335845279     
   960.588352538924     
  -3423.14213579617     
  -3565.98138155632     
   1499.18907217698     
  -3128.41316492880     
   2376.73305107115     
   1418.89595812576     
  -2481.91151240911     
   1235.88283629668     
   2822.20820737657     
   1296.08140701361     
  -1302.14758935307     
   1471.59949156681     
   1658.03150894729     
  -907.986681386066     
   501.134310550343     
   583.136425476949     
   19.9487139083468     
   340.237703678510     
   55.8081020189214     
  -1645.41257878374     
   336.876509043889     
   610.795114595727     
   1881.55229323947     
   1411.23486475605     
   1137.09474330582     
  -793.610029198995     
   1440.53097039077     
  -86.1389310385492     
   384.490437808577     
  -927.687972142943     
   777.736345227089     
  -624.475281498361     
   1534.23369067810     
  -1449.89742882500     
  -1719.05500599101     
  -964.892355717019     
   727.597663645018     
   894.236749276902     
   2565.39103755309     
  -1744.58604342592     
  -1948.12229182634     
   1656.27591085166     
   2344.80027909232     
   2073.76644601375     
   1922.10422284931     
   3233.01158275685     
  -2334.67985379221     
  -1764.56966111724     
   1805.80066413773     
   1822.14824971008     
  -505.915490001396     
  -1444.50844189071     
   1107.76411500908     
  -1319.79054276551     
  -1153.08155438794     
  -302.435147528928     
  -252.805423318264     
  -176.636394735462     
   535.047682151596     
   242.566486005740     
   797.050885032885     
   737.152930084339     
  -1572.77007205183     
  -1045.23884690575     
  -787.535859999668     
  -50.2648883838377     
  -1028.98143098867     
  -636.289235302241     
  -287.949399858859     
   444.712266714445     
  -169.895055844407     
   659.134889174744     
  -711.117004997917     
   1131.18093948581     
  -1049.45227806913     
  -326.788620397937     
  -1547.50423203148     
  -147.137924228823     
  -1274.48881881363     
  -503.887623501731     
   47.6640857815585     
  -1208.00564525101     
  -1076.43894970264     
  -1885.22293657486     
   1185.68831134436     
  -1598.30482878443     
   810.382127659622     
  -1097.68156630830     
   9.07847609818430     
  -246.793128375101     
   1159.94823323896     
  -697.577249553447     
   310.553795338502     
   352.887159034912     
   324.860315311857     
   1796.06590143556     
   1667.26860781712     
  -1013.89884143758     
   1232.56901205777     
  -516.332983893350     
   622.931504358451     
  -937.754288831350     
  -685.780080023806     
   815.797436698326     
  -461.537766367758     
   637.893425884989     
  -404.616477131800     
  -418.058327270773     
   238.777951927381     
   690.129693422328     
  -1139.98054934371     
   114.166640534047     
  -2.65272597652438     
   815.894183678374     
   48.4955236725771     
   275.612120306789     
  -45.9529045371492     
   458.942788465297     
   223.029266374151     
  -958.340364797341     
   199.015554748675     
  -304.144421643634     
   7.73499136567182     
   149.635354135503     
  -515.981887165785     
  -1622.32630395690     
   1157.74892158010     
   952.607907580783     
  -371.670214946720     
   122.388372949757     
   576.095864187022     
  -1743.19456806517     
  -192.052464918462     
  -998.357147946531     
   521.487769410885     
   733.971149548298     
  -565.255637843130     
   116.496004689418     
  -512.048475802472     
   494.499082721309     
  -166.442483605691     
   698.056662346003     
   7.36254788755659     
  -493.325976525068     
  -507.385549590713     
   310.313167487169     
  -580.170349978194     
   301.425887066679     
  -48.4952593053720     
   529.540639086717     
  -249.835843093007     
   238.890592605063     
   74.4154190661784     
   276.367187917912     
  -300.993384279135     
  -452.390078406990     
   380.916643659800     
  -681.227854937530     
   461.522225485908     
   128.811421013535     
   962.635582597664     
  -413.543826056035     
   996.273426641622     
  -697.362999306566     
   138.671509911715     
   91.8728773446599     
  -178.647242853068     
  -299.450276974533     
  -515.189603342625     
   377.386867150642     
   54.5087400199071     
  -160.393269134431     
   111.117183011987     
  -94.9640978388710     
  -998.331569740424     
   700.128403954765     
   4224.39560168159     
   2656.25718312420     
   1957.99356072735     
  -1712.77251521791     
  -1232.57912537450     
   137.890322450040     
  -1006.61909499155     
  -380.419208343905     
  -1218.92871067826     
  -971.478170400015     
  -718.389669490589     
   364.784215082940     
  -821.869565937095     
   574.157183859903     
   49.6684801986128     
   372.207422310666     
   1574.77684284302     
   872.445492723588     
  -575.849642885902     
  -928.042215640967     
   675.638299674272     
   1056.12635751327     
   1031.64740986778     
   1027.03601437382     
   1050.15239134366     
   1057.87963303284     
  -793.862886497157     
   412.751758258019     
  -454.096649084400     
  -246.287556693252     
   24.0505338197920     
  -822.325516831732     
   983.197166784460     
   82.6174774622058     
   108.092193820919     
   302.424098182158     
   157.149948042706     
   864.256442713434     
   634.667635436961     
  -86.1159861120181     
  -195.234115195026     
   484.245284810833     
   116.492062650038     
  -587.826950743632     
   56.6771957784688     
  -430.552071615987     
  -515.984998906205     
  -1061.99356417162     
   668.019861098194     
  -187.639465885387     
   225.189482604086     
  -99.9045220049544     
   173.529533038387     
   463.849888742826     
   85.9238739009808     
   702.861053833541     
  -138.683951664354     
  -221.273260750492     
  -42.0206961515569     
  -5.85571062106567     
   62.2443049518289     
  -64.0087676692972     
  -212.153067373555     
  -259.361366510979     
   350.965439125571     
  -435.540079348322     
   591.243124619942     
   336.268796860451     
  -354.715765629617     
   137.402379627198     
   44.8181371163666     
   99.2609576260553     
  -59.9330234872226     
  -200.494209624057     
  -147.217504631697     
   44.1911470281903     
  -73.7666403729294     
   55.4318926318592     
   17.4374768339870     
  -100.440397529938     
   24.6962177040516     
   29.9135579461446     
   881.536336798462     
   708.431326622017     
  -347.409963839280     
  -326.818736209765     
   616.741036033740     
   490.724364429433     
  -435.274635380973     
   218.289107535121     
  -357.743079640001     
   8.80905236341978     
  -102.149952813266     
  -54.1281640390244     
   126.902827059263     
   23.4661834316298     
   115.348293183797     
  -129.294185422485     
  -74.3969927121788     
   39.9636539214167     
   329.578532591597     
  -8.62799166270087     
