  6.511473770151147E-002
 -0.561682178077969     
  0.367480738743695     
  -1.44750433425323     
  0.132894502889754     
   1.03415176246844     
  0.684364999394615     
  -1.25270800162759     
 -0.983490127927244     
   2.78553752158987     
  -1.11473069608230     
   1.28257321833788     
   1.62142105105714     
  -1.80464210036773     
 -5.485570398618100E-002
 -0.571063423740452     
 -0.196466746947407     
  -1.04568376896524     
   2.54670925549032     
  0.828762629056478     
  0.709844833648811     
  0.786524214448707     
 -0.812871147777831     
  2.161650310183560E-003
  0.225707965385683     
  -1.05031952576433     
  0.306119182171013     
 -0.250173032068949     
  0.326902143414883     
 -0.121294008153947     
  0.173984303659077     
 -7.713035101938770E-003
  4.979227987754999E-002
 -0.198778489351543     
  0.203550366269050     
 -0.714314670351559     
 -0.801166474122478     
  0.404690715422593     
  0.501622345882068     
 -0.838227335764070     
   1.36876268536360     
 -0.786436423946408     
   2.00723717421123     
  0.421797039608343     
  0.759356366181467     
 -0.200038602239249     
 -0.739977564760906     
  1.798134657774142E-002
  0.866602377960806     
 -0.583985575267043     
  0.669641797650901     
  -1.46559476565726     
  0.629621150439399     
  3.270120806153376E-002
   2.01560975872771     
  -1.94928689200130     
  8.536725957528327E-002
  3.806590763645745E-002
 -0.109207586256901     
 -0.349197859306119     
  0.207699916562260     
   1.00449745075602     
 -0.320578393130822     
 -0.342385353553731     
  0.421837581893725     
  0.294253835291985     
 -0.747504049712288     
 -5.754912138926549E-002
   2.12378009298473     
   1.24120567422527     
 -5.920156414495603E-002
  -4.22787651262886     
   1.43001990721718     
   1.41857713139117     
   1.03548550938516     
  -1.33630168222701     
   1.19652655244929     
  -5.96090442790725     
  -2.16940579297751     
   11.5649805186838     
  -4.05246577136673     
  -4.44937342284684     
  0.151171935608201     
  0.189240834465692     
  -1.03855798676955     
   4.46694062047383     
   1.41354538477408     
  -7.02419587926646     
   1.77846953838596     
   2.05401015837388     
  -6.34010279101807     
  1.255498460479532E-002
 -0.377862545951845     
   1.10131495859530     
  -3.65537818157505     
 -0.862665928668493     
   4.30176790995413     
  -1.16242260297714     
  -1.83447314753949     
   5.12350845181062     
 -0.557728129289282     
  0.646930355002355     
   1.02756395559884     
 -0.620998347491778     
 -0.988334240755954     
  0.711644513988679     
   1.26800550690259     
  -2.57125819277256     
 -0.990041995924547     
  0.317934978963136     
   3.66277501178674     
  -1.01485841072701     
  -3.17868444819356     
  -2.63670198444114     
   8.45871915369812     
  -1.62638299295078     
  0.662542738820503     
   2.81886724311566     
  -2.19048456675340     
   2.18711562857526     
  -2.66527183390431     
   9.76120440349802     
   3.03037682149561     
  -16.4382223250217     
   4.72188421949886     
   6.40394333789133     
  -17.1021943658526     
   1.53091532610786     
  0.222011230548368     
  -7.18363069146145     
 -0.237580972345935     
  3.509474550589042E-002
  0.515133519102031     
  -3.29281650728239     
  -1.43483237016583     
   8.05906211731957     
  -2.12867960334079     
 -0.739885589447273     
   1.96296907867693     
 -3.962326206477695E-002
 -0.951823641181317     
  0.512986899740343     
   1.53332015282306     
  0.275928192827008     
  0.133110483288653     
  -1.45499126854661     
   6.66454577574891     
   1.54750188751924     
  -10.3159842092972     
   3.30459162678630     
  6.971683432429521E-002
   1.42554788140792     
  -2.40860080530006     
   3.91501187033729     
   1.18341428313115     
  -10.6665255093037     
   5.09920417629458     
  0.120238388345053     
 -0.258250776106876     
  0.816618057624559     
 -0.967933449649792     
 -0.752119609570994     
   1.47762647193624     
  0.184015658367342     
 -0.308673990455867     
  0.784223380914016     
 -0.483272908887294     
 -5.604170466827410E-002
  0.304851382649843     
 -0.798196842952254     
  0.489092027910273     
 -0.640825920116923     
  -2.18847577875467     
  -1.16075693693625     
  0.610447006557363     
  3.598397588074731E-002
  0.752565407680832     
   1.08251744568155     
  -4.36035529461205     
  -1.69198840493069     
 -0.981331102438777     
   4.86045363709718     
   1.15044693572107     
   17.7837599424551     
   12.4258053325544     
  -34.1206073407332     
  -4.03548470534498     
   6.88897275287396     
  -10.6139010439572     
  -9.47306596302313     
   27.4263752288608     
 -0.433854649305113     
  -5.97709420329623     
   1.01836217900563     
   17.7883942340286     
   4.24311463493698     
  -2.65913822338358     
   2.25333891230301     
  -1.55613573279184     
  -2.14807269951840     
   8.83440467028052     
  -5.20853443511195     
  -37.4714278204026     
   70.3001979038617     
   14.8907416202355     
  -23.8247567659724     
   23.1637383128369     
  -56.9064335941010     
  -5.87132259948596     
   31.8250730879923     
  -3.70091107176282     
  -31.8344966008364     
 -0.615652769567188     
   1.20935978222262     
  -3.83681774239443     
   8.63205899235410     
   5.52703117020631     
  -16.9739212228896     
 -0.800463688863926     
   3.38462305243868     
 -0.873677184015360     
  -6.05528735166511     
   11.6648113051723     
  0.844708770328225     
  -8.52237448434464     
   5.10393085744468     
  -14.3784204541664     
  0.808851732686530     
   2.62816976364832     
   30.1154943536730     
  -1.81713718020036     
   1.28487898210009     
  -2.01775340964564     
  -6.43302797854902     
 -6.705498681340571E-002
   12.3890095511814     
  -4.20130587070513     
  0.772321211433902     
  -8.09384754143727     
   6.99455019700612     
  -11.7531982257860     
 -0.492013303667513     
   21.9033918381678     
  -11.8574520787751     
   22.0084519769783     
 -0.320040256431240     
  -25.5263313742486     
  -7.03249198310555     
   51.6521845759856     
 -0.270017297684586     
  9.880398366708756E-002
 -0.895948396659966     
  -3.48136180036624     
   1.49758051310014     
   3.14149378805883     
  -2.24129057737626     
 -4.313181359540830E-002
  0.471542006359252     
  0.699084627586319     
 -0.264379579938062     
  0.618911979824091     
   3.79441575694047     
  -3.77032735221812     
   6.49806243873960     
 -0.941312379424181     
   1.97955769579427     
  -3.58893451338533     
   4.76979378756065     
  -3.76338589844788     
  0.893386058562845     
 -0.782696217757958     
   4.24176738592674     
  0.986379934394942     
  -4.19702104264324     
  -2.38709863155147     
   4.02073974947725     
  0.979500128364724     
  -1.90668434331309     
  0.731847057431363     
  -1.47014035279735     
  -5.25818203317511     
  0.631822847797096     
   3.25165412240981     
  -5.69262590281832     
 -4.254418206600558E-002
   7.37667872163592     
  -13.1284657253813     
   2.04077217604403     
  -1.51907904961702     
   1.12881560103157     
  0.646641443378575     
  0.233156888540890     
 -9.054355856755136E-002
  0.139319578971739     
 -0.129640553595380     
 -0.331070973478187     
   1.68388401831608     
  0.724150109004523     
  0.201714898969217     
  -2.59527911543493     
 -0.134252231663898     
  -6.06511921897439     
  -4.55921698184919     
   12.1451456965814     
   1.62120051599786     
  -2.41464245833493     
   3.49525826785414     
   3.45526961770979     
  -9.23591134148382     
  0.494625423271274     
   1.22000350035148     
 -0.619237550125435     
  -6.60953524978750     
  -6.30515003439294     
   12.2402532101961     
  -3.97235468625737     
   13.6023035499700     
 -0.309236549739573     
  -1.71810801386099     
   2.24817805087456     
   2.17263882677675     
   2.79199361412652     
  -1.35539858055202     
  0.683748598091814     
  -1.82811511699205     
  0.578547298500200     
  0.668249650348715     
 -0.241387082072503     
   1.05224786326920     
   14.4948273220154     
  -28.2659132397031     
  -6.97661145505529     
   9.44007859587015     
  -7.59827774826445     
   18.5028686293993     
   1.71314162234091     
  -9.16193888275657     
   2.27071665457119     
   13.3508129593025     
  -17.3050273721074     
  -1.84332504738463     
  -16.2149547283658     
  0.813978614670035     
   2.56442422183709     
  -4.66701803893598     
   6.90770608267798     
  -5.81971999970608     
  0.257465147321941     
 -0.243275300690163     
   1.69555431598415     
  -2.99234999821542     
  -2.06393183174957     
   5.00196615226028     
  0.842429819891285     
 -0.513210736880827     
  -2.91913975789961     
   4.50980403495880     
  -6.16280334002565     
  -2.38663598106584     
   9.38496104531255     
  -4.07390776911241     
   6.35379176255848     
 -0.745191753548908     
   3.87258720830280     
  -28.8031949839603     
   23.7539115440726     
  -19.7981829443260     
  -1.66594352795198     
 -0.200875585489674     
  5.053739305732430E-002
   5.50826089128827     
  -9.60659637613695     
  0.785959870819271     
   4.40281868851191     
  0.551513004997314     
 -0.560825620100740     
  0.660059635385278     
   1.75949218616854     
  3.765062106976913E-003
  -3.51176212579065     
   1.18401149111208     
 -0.798972313845513     
   4.88333663420637     
  -3.69169923337249     
   4.77595695638267     
   1.21259854116428     
  -10.7827528273568     
   4.90582797149636     
  -7.20563547672678     
  0.286725370096887     
   4.91010248076871     
   14.0655993013568     
  -17.6711369292049     
   15.3794066890459     
   1.08063365666288     
 -0.169055011170987     
  -3.50522550870803     
   2.15902176955321     
   5.93743569075175     
  -3.68627670143326     
  -3.01764182274229     
   1.01100393049468     
   6.35695073539940     
  0.160964397584433     
 -9.969465766113900E-002
  0.206903062565825     
   2.00248596220866     
 -0.361338570813968     
  -2.53171671456576     
   1.07040209134736     
 -3.229757503658205E-002
 -0.339875734241704     
  0.173461611903730     
 -0.270346909816910     
 -0.277011698479138     
  -1.54993282630452     
   1.18952757219327     
  -2.49837597372639     
  0.251588604212237     
  0.374248812083352     
  -2.65662510308563     
  0.681517594779636     
 -0.500808201845770     
 -0.884600188859765     
 -0.712537086133177     
 -0.263817822470948     
  0.577738717738550     
  0.240103179545774     
 -0.284579138401884     
  3.178202762101950E-002
 -8.156037298291119E-002
   1.34573596319734     
  -1.28113151397227     
   1.03073594713000     
 -0.606585219450233     
  0.550725695975037     
  -3.63562659559461     
  0.681683126366494     
   3.43080133823080     
  0.573190726862615     
  -2.68873623542996     
 -0.456311087273548     
  0.909421111262538     
 -0.564224642475446     
   1.14745378691370     
   4.19435862021134     
  -2.59582705386818     
  -1.14065263063487     
   2.69557654411775     
  0.149162575473647     
  -4.93310765069252     
   11.1159325293815     
  -4.71887340255867     
   3.26779392308561     
  -1.35374976100414     
   3.98632892601935     
   1.75118780865139     
  -3.47714085814159     
  9.073980870847431E-003
  4.451927842269510E-002
  0.688934784640097     
  -2.15751549047738     
 -0.239209940468371     
  0.552146132810504     
   2.35998446976258     
  -1.11256609367173     
  0.877635844576607     
  0.760999598669091     
 -0.790790810035985     
   2.55296527724536     
 -0.792069649664332     
  -2.01870231901162     
 -0.490631761655414     
   1.05685869193517     
  0.248226075004398     
 -0.286593410128659     
  0.372598772558783     
 -0.647215862838245     
  -1.83967879616051     
 -0.457918111250908     
  0.643604182404465     
 -0.732518804212278     
 -2.367252525519969E-002
  0.482740727692996     
   3.16027077508806     
  -2.97767695273856     
   1.37396877479510     
  0.866186071295600     
 -0.807255015122232     
 -0.201825372217302     
  -1.26139227853761     
   2.60193482666104     
  -1.20767800159918     
 -0.183837966311986     
  0.387217140199968     
 -0.209264782018614     
  0.778154892260031     
  -3.78326252117238     
   1.79393449130473     
 -0.961048746684284     
 -0.376595454675805     
  0.878235063553659     
 -0.375333817742114     
  0.354109466179714     
  -1.46425954855087     
 -0.120370600143771     
   1.28517319636451     
  0.885269103048272     
 -0.818222083702107     
 -4.302551201073858E-002
 -0.277234154120760     
 -0.204964390249393     
  0.418266676904323     
  0.957688299975741     
   1.44519635281813     
 -0.750596128303930     
  0.742226979503735     
  6.254405249325598E-002
 -0.266897583054092     
  -3.13795798138989     
   3.22332327229913     
  -1.17977159565359     
 -0.398496672753777     
  9.568772880975179E-002
  0.268052500438852     
  0.831220751366099     
  -2.76692083297689     
   1.12418390592271     
 -9.743129031201420E-002
  0.262268189864736     
 -4.598328646880395E-002
 -0.228832926733070     
   2.01545536245890     
  -1.96980916197236     
  0.807042044604663     
  9.452974040576465E-002
 -0.227103005048949     
  0.158952988452216     
  0.170687505238678     
  0.187060749689596     
  0.346233231105861     
 -0.960575901897908     
  -1.91045378873287     
  0.318562193513169     
  0.329726085963450     
  0.600437851123461     
  0.707335739104913     
   7.04655493871595     
   1.15325452545988     
 -0.686219809059018     
   1.09078895203401     
   7.27197061579250     
 -0.403340379383344     
  -5.05662439541149     
  0.457284401597229     
   9.29571205835076     
   18.4013788527762     
  -23.7369378121109     
  -27.2413550328434     
   1.04614819569533     
  -2.26694674671664     
  0.967269262540847     
   5.56792469545468     
  -5.13996545488494     
  -2.15310045315580     
  0.269124849074192     
  -2.19388618263776     
  0.137876747510525     
 -0.207761164906851     
